# TimestampUTC='2026-02-13 09:09:00.999736800';
# ATE=16;
# SamplePeriod_ns=655360;
# ME=11;
# Data1Name='Power';
# PowerLeftShift=15;
# Normalization=1;
# NonNormPowRef=1000;
# TriggerGatingReg=32777;
# DynamicUnderSampling=0;
# CyclicRecording=0;
0,   57327,   5446,   22700,   17731
655360,   57288,   5453,   22693,   17725
1310720,   57345,   5445,   22680,   17745
1966080,   57302,   5444,   22695,   17738
2621440,   57285,   5454,   22699,   17715
3276800,   57333,   5450,   22685,   17734
3932160,   57320,   5454,   22690,   17728
4587520,   57350,   5450,   22692,   17731
5242880,   57355,   5452,   22692,   17725
5898240,   57329,   5456,   22673,   17729
6553600,   57298,   5446,   22685,   17745
7208960,   57260,   5456,   22688,   17721
7864320,   57304,   5443,   22680,   17747
8519680,   57275,   5446,   22678,   17744
9175040,   57296,   5442,   22691,   17748
9830400,   57264,   5440,   22689,   17745
10485760,   57289,   5451,   22677,   17738
11141120,   57305,   5440,   22691,   17752
11796480,   57255,   5446,   22700,   17728
12451840,   57308,   5458,   22677,   17731
13107200,   57266,   5450,   22683,   17736
13762560,   57278,   5454,   22689,   17727
14417920,   57298,   5458,   22677,   17726
15073280,   57283,   5454,   22680,   17732
15728640,   57298,   5452,   22676,   17740
16384000,   57244,   5461,   22678,   17719
17039360,   57280,   5461,   22666,   17731
17694720,   57266,   5454,   22685,   17723
18350080,   57252,   5460,   22698,   17711
19005440,   57309,   5456,   22686,   17725
19660800,   57280,   5459,   22684,   17718
20316160,   57310,   5451,   22690,   17726
20971520,   57259,   5458,   22687,   17721
21626880,   57283,   5452,   22682,   17731
22282240,   57290,   5440,   22696,   17747
22937600,   57284,   5450,   22704,   17725
23592960,   57326,   5453,   22672,   17737
24248320,   57304,   5452,   22691,   17731
24903680,   57333,   5443,   22698,   17743
25559040,   57327,   5440,   22706,   17736
26214400,   57318,   5448,   22699,   17725
26869760,   57342,   5445,   22698,   17736
27525120,   57307,   5444,   22714,   17722
28180480,   57301,   5450,   22685,   17731
28835840,   57276,   5447,   22694,   17733
29491200,   57319,   5446,   22710,   17726
30146560,   57347,   5448,   22692,   17737
30801920,   57323,   5454,   22693,   17724
31457280,   57323,   5443,   22676,   17749
32112640,   57304,   5453,   22704,   17715
32768000,   57299,   5447,   22680,   17740
33423360,   57353,   5446,   22696,   17735
34078720,   57333,   5447,   22702,   17732
34734080,   57328,   5443,   22705,   17733
35389440,   57292,   5443,   22703,   17736
36044800,   57364,   5438,   22707,   17739
36700160,   57304,   5446,   22708,   17725
37355520,   57312,   5440,   22700,   17742
38010880,   57297,   5438,   22698,   17749
38666240,   57279,   5445,   22701,   17734
39321600,   57331,   5436,   22690,   17754
39976960,   57269,   5445,   22685,   17741
40632320,   57327,   5437,   22688,   17756
41287680,   57297,   5438,   22705,   17740
41943040,   57320,   5445,   22675,   17755
42598400,   57339,   5433,   22691,   17760
43253760,   57313,   5446,   22707,   17726
43909120,   57334,   5437,   22701,   17744
44564480,   57258,   5441,   22688,   17745
45219840,   57325,   5434,   22698,   17753
45875200,   57289,   5440,   22701,   17745
46530560,   57297,   5441,   22679,   17754
47185920,   57304,   5424,   22700,   17773
47841280,   57283,   5434,   22704,   17755
48496640,   57336,   5429,   22707,   17756
49152000,   57288,   5434,   22706,   17752
49807360,   57288,   5427,   22704,   17761
50462720,   57329,   5437,   22701,   17745
51118080,   57257,   5437,   22696,   17753
51773440,   57328,   5431,   22693,   17767
52428800,   57219,   5431,   22699,   17762
53084160,   57332,   5437,   22679,   17760
53739520,   57276,   5437,   22685,   17761
54394880,   57318,   5428,   22700,   17760
55050240,   57331,   5431,   22696,   17763
55705600,   57281,   5439,   22679,   17764
56360960,   57343,   5425,   22682,   17780
57016320,   57264,   5432,   22700,   17759
57671680,   57327,   5427,   22703,   17763
58327040,   57333,   5421,   22698,   17780
58982400,   57267,   5425,   22711,   17758
59637760,   57328,   5425,   22717,   17758
60293120,   57307,   5430,   22690,   17764
60948480,   57335,   5425,   22696,   17774
61603840,   57319,   5430,   22708,   17760
62259200,   57327,   5437,   22687,   17762
62914560,   57333,   5430,   22681,   17773
63569920,   57266,   5432,   22697,   17755
64225280,   57340,   5427,   22678,   17776
64880640,   57279,   5431,   22683,   17768
65536000,   57298,   5430,   22699,   17765
66191360,   57281,   5431,   22698,   17763
66846720,   57252,   5429,   22699,   17768
67502080,   57311,   5418,   22708,   17776
68157440,   57210,   5431,   22711,   17751
68812800,   57273,   5430,   22711,   17759
69468160,   57256,   5431,   22689,   17762
70123520,   57274,   5427,   22701,   17766
70778880,   57269,   5420,   22703,   17772
71434240,   57237,   5434,   22696,   17757
72089600,   57305,   5430,   22688,   17769
72744960,   57247,   5429,   22706,   17757
73400320,   57283,   5424,   22698,   17769
74055680,   57262,   5428,   22695,   17764
74711040,   57232,   5432,   22695,   17758
75366400,   57273,   5430,   22707,   17756
76021760,   57231,   5442,   22694,   17746
76677120,   57287,   5433,   22695,   17763
77332480,   57250,   5437,   22702,   17753
77987840,   57254,   5449,   22677,   17741
78643200,   57291,   5449,   22656,   17756
79298560,   57209,   5452,   22678,   17734
79953920,   57227,   5439,   22686,   17752
80609280,   57237,   5445,   22673,   17755
81264640,   57304,   5435,   22679,   17770
81920000,   57237,   5430,   22711,   17755
82575360,   57246,   5434,   22708,   17750
83230720,   57256,   5426,   22690,   17774
83886080,   57247,   5432,   22711,   17749
84541440,   57266,   5437,   22693,   17757
85196800,   57235,   5437,   22682,   17755
85852160,   57286,   5429,   22694,   17771
86507520,   57245,   5428,   22710,   17760
87162880,   57221,   5430,   22709,   17754
87818240,   57331,   5429,   22680,   17778
88473600,   57270,   5430,   22711,   17753
89128960,   57277,   5427,   22697,   17769
89784320,   57297,   5435,   22686,   17759
90439680,   57280,   5433,   22707,   17750
91095040,   57262,   5434,   22704,   17753
91750400,   57258,   5430,   22705,   17753
92405760,   57284,   5442,   22682,   17754
93061120,   57276,   5434,   22715,   17743
93716480,   57288,   5433,   22710,   17752
94371840,   57283,   5435,   22686,   17764
95027200,   57293,   5434,   22694,   17757
95682560,   57277,   5430,   22691,   17766
96337920,   57276,   5437,   22702,   17750
96993280,   57273,   5432,   22681,   17773
97648640,   57254,   5435,   22702,   17750
98304000,   57293,   5436,   22696,   17754
98959360,   57300,   5431,   22701,   17763
99614720,   57254,   5430,   22729,   17745
100270080,   57261,   5435,   22709,   17742
100925440,   57273,   5430,   22713,   17747
101580800,   57295,   5426,   22706,   17765
102236160,   57298,   5428,   22715,   17756
102891520,   57242,   5425,   22717,   17761
103546880,   57309,   5431,   22693,   17764
104202240,   57259,   5434,   22712,   17750
104857600,   57300,   5425,   22701,   17769
105512960,   57268,   5430,   22693,   17764
106168320,   57271,   5436,   22694,   17759
106823680,   57277,   5434,   22696,   17756
107479040,   57253,   5444,   22689,   17739
108134400,   57299,   5428,   22679,   17775
108789760,   57256,   5436,   22701,   17753
109445120,   57233,   5439,   22699,   17747
110100480,   57278,   5440,   22682,   17758
110755840,   57273,   5432,   22681,   17770
111411200,   57294,   5426,   22709,   17758
112066560,   57259,   5436,   22701,   17755
112721920,   57339,   5433,   22680,   17768
113377280,   57306,   5429,   22692,   17764
114032640,   57325,   5429,   22696,   17762
114688000,   57346,   5430,   22689,   17770
115343360,   57279,   5430,   22693,   17769
115998720,   57301,   5427,   22699,   17770
116654080,   57262,   5432,   22711,   17753
117309440,   57300,   5427,   22685,   17774
117964800,   57273,   5426,   22700,   17769
118620160,   57287,   5427,   22712,   17755
119275520,   57315,   5429,   22694,   17765
119930880,   57275,   5427,   22700,   17767
120586240,   57294,   5422,   22706,   17773
121241600,   57289,   5431,   22706,   17755
121896960,   57283,   5427,   22691,   17772
122552320,   57281,   5422,   22703,   17775
123207680,   57247,   5425,   22709,   17759
123863040,   57296,   5425,   22690,   17774
124518400,   57281,   5433,   22698,   17761
125173760,   57296,   5431,   22702,   17758
125829120,   57298,   5433,   22695,   17758
126484480,   57317,   5434,   22683,   17767
127139840,   57310,   5427,   22701,   17764
127795200,   57241,   5441,   22695,   17741
128450560,   57356,   5427,   22687,   17776
129105920,   57253,   5422,   22701,   17771
129761280,   57295,   5424,   22702,   17772
130416640,   57271,   5428,   22695,   17772
131072000,   57231,   5431,   22691,   17765
131727360,   57315,   5426,   22706,   17765
132382720,   57239,   5430,   22713,   17750
133038080,   57248,   5426,   22713,   17758
133693440,   57262,   5421,   22717,   17764
134348800,   57260,   5420,   22719,   17760
135004160,   57257,   5430,   22701,   17764
135659520,   57276,   5427,   22687,   17772
136314880,   57306,   5429,   22704,   17764
136970240,   57261,   5431,   22702,   17756
137625600,   57269,   5427,   22691,   17769
138280960,   57227,   5424,   22702,   17772
138936320,   57259,   5429,   22707,   17759
139591680,   57284,   5429,   22698,   17769
140247040,   57230,   5422,   22717,   17768
140902400,   57279,   5420,   22723,   17763
141557760,   57246,   5429,   22708,   17759
142213120,   57271,   5433,   22702,   17756
142868480,   57293,   5427,   22710,   17760
143523840,   57238,   5431,   22719,   17749
144179200,   57313,   5427,   22698,   17766
144834560,   57306,   5437,   22690,   17758
145489920,   57331,   5430,   22697,   17762
146145280,   57310,   5429,   22702,   17758
146800640,   57278,   5429,   22691,   17768
147456000,   57279,   5423,   22712,   17763
148111360,   57268,   5434,   22713,   17741
148766720,   57292,   5430,   22688,   17768
149422080,   57269,   5433,   22698,   17759
150077440,   57235,   5437,   22714,   17738
150732800,   57262,   5443,   22694,   17744
151388160,   57219,   5441,   22692,   17747
152043520,   57270,   5429,   22698,   17769
152698880,   57243,   5427,   22711,   17757
153354240,   57280,   5436,   22691,   17760
154009600,   57274,   5430,   22693,   17768
154664960,   57257,   5429,   22706,   17762
155320320,   57297,   5426,   22694,   17771
155975680,   57258,   5428,   22702,   17765
156631040,   57266,   5422,   22702,   17769
157286400,   57253,   5423,   22727,   17754
157941760,   57248,   5428,   22715,   17753
158597120,   57273,   5433,   22715,   17749
159252480,   57205,   5438,   22726,   17733
159907840,   57267,   5429,   22704,   17760
160563200,   57235,   5427,   22712,   17756
161218560,   57255,   5427,   22703,   17760
161873920,   57225,   5437,   22707,   17738
162529280,   57249,   5436,   22696,   17749
163184640,   57242,   5430,   22694,   17765
163840000,   57244,   5433,   22713,   17747
164495360,   57265,   5436,   22699,   17754
165150720,   57251,   5429,   22689,   17768
165806080,   57269,   5420,   22717,   17770
166461440,   57279,   5430,   22699,   17758
167116800,   57265,   5433,   22702,   17757
167772160,   57330,   5433,   22692,   17765
168427520,   57265,   5427,   22699,   17764
169082880,   57295,   5424,   22696,   17779
169738240,   57249,   5425,   22699,   17772
170393600,   57288,   5420,   22712,   17772
171048960,   57302,   5425,   22706,   17763
171704320,   57285,   5430,   22689,   17764
172359680,   57288,   5427,   22692,   17774
173015040,   57272,   5438,   22707,   17747
173670400,   57318,   5435,   22695,   17754
174325760,   57286,   5430,   22695,   17760
174981120,   57254,   5433,   22707,   17749
175636480,   57242,   5433,   22698,   17756
176291840,   57264,   5443,   22692,   17740
176947200,   57291,   5433,   22697,   17762
177602560,   57281,   5438,   22702,   17742
178257920,   57259,   5435,   22692,   17758
178913280,   57277,   5434,   22694,   17755
179568640,   57256,   5439,   22709,   17740
180224000,   57268,   5440,   22699,   17744
180879360,   57258,   5441,   22692,   17749
181534720,   57324,   5443,   22692,   17744
182190080,   57292,   5437,   22713,   17742
182845440,   57288,   5446,   22690,   17741
183500800,   57280,   5436,   22686,   17756
184156160,   57231,   5446,   22706,   17727
184811520,   57286,   5440,   22690,   17753
185466880,   57269,   5437,   22684,   17757
186122240,   57257,   5440,   22696,   17743
186777600,   57259,   5439,   22696,   17749
187432960,   57259,   5443,   22690,   17743
188088320,   57306,   5436,   22691,   17755
188743680,   57282,   5437,   22716,   17737
189399040,   57302,   5439,   22702,   17742
190054400,   57278,   5435,   22698,   17752
190709760,   57258,   5429,   22706,   17759
191365120,   57287,   5432,   22708,   17752
192020480,   57256,   5437,   22694,   17755
192675840,   57289,   5426,   22695,   17768
193331200,   57283,   5428,   22714,   17757
193986560,   57256,   5429,   22706,   17764
194641920,   57301,   5422,   22698,   17779
195297280,   57286,   5427,   22704,   17768
195952640,   57308,   5427,   22698,   17768
196608000,   57274,   5425,   22695,   17774
197263360,   57314,   5424,   22698,   17772
197918720,   57303,   5428,   22704,   17761
198574080,   57298,   5426,   22718,   17760
199229440,   57308,   5428,   22702,   17763
199884800,   57257,   5439,   22706,   17743
200540160,   57273,   5429,   22703,   17761
201195520,   57255,   5430,   22699,   17763
201850880,   57243,   5425,   22701,   17773
202506240,   57252,   5432,   22704,   17750
203161600,   57300,   5424,   22709,   17764
203816960,   57295,   5420,   22692,   17788
204472320,   57286,   5426,   22712,   17757
205127680,   57322,   5423,   22716,   17763
205783040,   57285,   5422,   22707,   17770
206438400,   57286,   5427,   22714,   17761
207093760,   57284,   5420,   22719,   17765
207749120,   57267,   5431,   22715,   17753
208404480,   57334,   5424,   22705,   17768
209059840,   57266,   5427,   22722,   17753
209715200,   57269,   5430,   22713,   17754
210370560,   57276,   5419,   22707,   17772
211025920,   57275,   5419,   22714,   17768
211681280,   57289,   5407,   22719,   17788
212336640,   57234,   5423,   22709,   17771
212992000,   57324,   5427,   22708,   17765
213647360,   57278,   5429,   22722,   17752
214302720,   57270,   5429,   22712,   17752
214958080,   57298,   5420,   22696,   17776
215613440,   57236,   5421,   22724,   17766
216268800,   57284,   5432,   22708,   17754
216924160,   57237,   5430,   22695,   17759
217579520,   57240,   5421,   22704,   17778
218234880,   57279,   5423,   22711,   17771
218890240,   57274,   5427,   22713,   17755
219545600,   57317,   5415,   22710,   17781
220200960,   57252,   5418,   22727,   17766
220856320,   57290,   5421,   22717,   17767
221511680,   57257,   5424,   22703,   17768
222167040,   57303,   5425,   22704,   17770
222822400,   57279,   5420,   22710,   17772
223477760,   57239,   5421,   22712,   17766
224133120,   57291,   5425,   22696,   17772
224788480,   57243,   5422,   22729,   17760
225443840,   57280,   5417,   22716,   17777
226099200,   57291,   5419,   22698,   17786
226754560,   57281,   5414,   22706,   17789
227409920,   57274,   5417,   22709,   17777
228065280,   57271,   5424,   22716,   17757
228720640,   57276,   5418,   22695,   17782
229376000,   57267,   5418,   22727,   17768
230031360,   57254,   5430,   22708,   17754
230686720,   57275,   5430,   22693,   17761
231342080,   57251,   5424,   22707,   17766
231997440,   57282,   5423,   22711,   17770
232652800,   57272,   5424,   22710,   17762
233308160,   57309,   5419,   22705,   17782
233963520,   57264,   5411,   22729,   17774
234618880,   57295,   5421,   22723,   17762
235274240,   57292,   5424,   22707,   17765
235929600,   57288,   5423,   22720,   17761
236584960,   57285,   5427,   22707,   17763
237240320,   57277,   5422,   22717,   17761
237895680,   57302,   5414,   22717,   17779
238551040,   57281,   5421,   22732,   17759
239206400,   57264,   5422,   22733,   17759
239861760,   57309,   5417,   22717,   17775
240517120,   57241,   5411,   22734,   17771
241172480,   57272,   5416,   22727,   17769
241827840,   57282,   5422,   22726,   17757
242483200,   57309,   5425,   22716,   17757
243138560,   57245,   5419,   22719,   17769
243793920,   57266,   5423,   22723,   17755
244449280,   57262,   5415,   22708,   17778
245104640,   57241,   5416,   22720,   17774
245760000,   57307,   5417,   22726,   17767
246415360,   57266,   5421,   22703,   17778
247070720,   57252,   5420,   22717,   17767
247726080,   57282,   5424,   22722,   17755
248381440,   57239,   5430,   22728,   17737
249036800,   57280,   5423,   22716,   17762
249692160,   57253,   5419,   22731,   17760
250347520,   57246,   5421,   22732,   17757
251002880,   57254,   5426,   22705,   17762
251658240,   57257,   5427,   22712,   17762
252313600,   57268,   5428,   22719,   17753
252968960,   57269,   5424,   22733,   17748
253624320,   57286,   5423,   22711,   17766
254279680,   57285,   5433,   22724,   17744
254935040,   57292,   5430,   22730,   17738
255590400,   57223,   5429,   22718,   17751
256245760,   57280,   5421,   22735,   17749
256901120,   57232,   5424,   22740,   17746
257556480,   57260,   5422,   22743,   17744
258211840,   57303,   5427,   22720,   17753
258867200,   57283,   5428,   22712,   17753
259522560,   57278,   5430,   22739,   17735
260177920,   57318,   5430,   22693,   17767
260833280,   57265,   5421,   22721,   17767
261488640,   57211,   5425,   22720,   17758
262144000,   57225,   5430,   22714,   17748
262799360,   57270,   5417,   22721,   17766
263454720,   57183,   5421,   22721,   17760
264110080,   57222,   5427,   22736,   17746
264765440,   57229,   5442,   22696,   17746
265420800,   57239,   5424,   22726,   17753
266076160,   57209,   5433,   22715,   17749
266731520,   57243,   5437,   22704,   17751
267386880,   57243,   5429,   22706,   17755
268042240,   57253,   5433,   22711,   17751
268697600,   57265,   5421,   22729,   17761
269352960,   57246,   5437,   22698,   17754
270008320,   57210,   5437,   22699,   17749
270663680,   57267,   5424,   22719,   17762
271319040,   57228,   5432,   22712,   17751
271974400,   57249,   5421,   22727,   17762
272629760,   57212,   5426,   22724,   17756
273285120,   57265,   5417,   22733,   17758
273940480,   57229,   5424,   22723,   17761
274595840,   57242,   5427,   22723,   17754
275251200,   57274,   5425,   22730,   17753
275906560,   57264,   5436,   22699,   17753
276561920,   57294,   5428,   22723,   17753
277217280,   57257,   5427,   22718,   17753
277872640,   57235,   5425,   22725,   17750
278528000,   57233,   5423,   22723,   17762
279183360,   57284,   5420,   22713,   17770
279838720,   57300,   5424,   22745,   17746
280494080,   57316,   5427,   22717,   17760
281149440,   57301,   5414,   22732,   17771
281804800,   57294,   5417,   22734,   17758
282460160,   57290,   5419,   22735,   17758
283115520,   57292,   5415,   22720,   17771
283770880,   57259,   5421,   22714,   17771
284426240,   57281,   5411,   22743,   17766
285081600,   57263,   5417,   22715,   17774
285736960,   57314,   5417,   22728,   17768
286392320,   57300,   5414,   22734,   17767
287047680,   57288,   5422,   22726,   17760
287703040,   57267,   5416,   22738,   17759
288358400,   57243,   5425,   22718,   17758
289013760,   57308,   5417,   22740,   17757
289669120,   57258,   5420,   22722,   17767
290324480,   57265,   5413,   22724,   17776
290979840,   57287,   5412,   22732,   17769
291635200,   57266,   5418,   22722,   17771
292290560,   57297,   5407,   22736,   17779
292945920,   57253,   5405,   22734,   17786
293601280,   57292,   5415,   22730,   17765
294256640,   57309,   5421,   22713,   17770
294912000,   57320,   5422,   22705,   17772
295567360,   57271,   5420,   22725,   17763
296222720,   57312,   5424,   22698,   17768
296878080,   57288,   5420,   22714,   17772
297533440,   57296,   5422,   22712,   17768
298188800,   57317,   5420,   22715,   17765
298844160,   57309,   5418,   22720,   17770
299499520,   57313,   5420,   22703,   17774
300154880,   57276,   5416,   22729,   17763
300810240,   57299,   5424,   22698,   17768
301465600,   57309,   5419,   22705,   17780
302120960,   57325,   5419,   22704,   17776
302776320,   57287,   5427,   22708,   17762
303431680,   57286,   5418,   22713,   17770
304087040,   57290,   5425,   22699,   17770
304742400,   57264,   5421,   22734,   17759
305397760,   57286,   5421,   22715,   17763
306053120,   57271,   5420,   22718,   17767
306708480,   57304,   5421,   22709,   17774
307363840,   57282,   5420,   22717,   17772
308019200,   57276,   5416,   22718,   17773
308674560,   57283,   5422,   22700,   17776
309329920,   57267,   5422,   22712,   17766
309985280,   57304,   5422,   22698,   17775
310640640,   57292,   5426,   22702,   17772
311296000,   57243,   5421,   22720,   17768
311951360,   57281,   5422,   22707,   17770
312606720,   57251,   5427,   22712,   17757
313262080,   57278,   5424,   22707,   17768
313917440,   57300,   5421,   22731,   17761
314572800,   57268,   5426,   22718,   17757
315228160,   57309,   5427,   22710,   17765
315883520,   57254,   5417,   22744,   17759
316538880,   57275,   5419,   22723,   17768
317194240,   57263,   5414,   22727,   17769
317849600,   57288,   5414,   22721,   17775
318504960,   57289,   5424,   22716,   17759
319160320,   57297,   5421,   22723,   17763
319815680,   57344,   5422,   22702,   17772
320471040,   57291,   5412,   22734,   17773
321126400,   57308,   5424,   22715,   17767
321781760,   57278,   5422,   22712,   17765
322437120,   57278,   5421,   22718,   17764
323092480,   57305,   5419,   22725,   17761
323747840,   57300,   5414,   22730,   17773
324403200,   57308,   5414,   22715,   17779
325058560,   57294,   5417,   22730,   17770
325713920,   57293,   5418,   22715,   17775
326369280,   57280,   5425,   22692,   17775
327024640,   57289,   5416,   22717,   17770
327680000,   57287,   5416,   22717,   17773
328335360,   57279,   5418,   22734,   17757
328990720,   57271,   5420,   22714,   17770
329646080,   57307,   5427,   22729,   17750
330301440,   57263,   5421,   22728,   17764
330956800,   57292,   5423,   22711,   17763
331612160,   57233,   5425,   22734,   17752
332267520,   57279,   5432,   22711,   17750
332922880,   57279,   5428,   22707,   17761
333578240,   57287,   5416,   22715,   17774
334233600,   57285,   5417,   22728,   17769
334888960,   57317,   5426,   22711,   17760
335544320,   57308,   5424,   22696,   17772
336199680,   57335,   5425,   22726,   17749
336855040,   57271,   5427,   22710,   17755
337510400,   57270,   5428,   22700,   17763
338165760,   57269,   5417,   22698,   17783
338821120,   57294,   5427,   22712,   17760
339476480,   57258,   5428,   22702,   17764
340131840,   57316,   5424,   22686,   17785
340787200,   57261,   5429,   22701,   17768
341442560,   57296,   5428,   22697,   17770
342097920,   57256,   5429,   22696,   17765
342753280,   57272,   5427,   22694,   17772
343408640,   57319,   5424,   22702,   17772
344064000,   57255,   5423,   22716,   17765
344719360,   57316,   5420,   22707,   17772
345374720,   57263,   5424,   22716,   17762
346030080,   57271,   5421,   22709,   17771
346685440,   57258,   5424,   22700,   17773
347340800,   57270,   5419,   22721,   17767
347996160,   57263,   5424,   22712,   17761
348651520,   57239,   5425,   22712,   17763
349306880,   57281,   5418,   22711,   17779
349962240,   57228,   5414,   22728,   17769
350617600,   57232,   5420,   22706,   17773
351272960,   57290,   5417,   22693,   17788
351928320,   57245,   5421,   22714,   17773
352583680,   57254,   5421,   22720,   17768
353239040,   57238,   5426,   22728,   17755
353894400,   57293,   5427,   22701,   17768
354549760,   57237,   5425,   22716,   17762
355205120,   57255,   5426,   22716,   17755
355860480,   57257,   5430,   22698,   17759
356515840,   57270,   5430,   22705,   17762
357171200,   57280,   5428,   22709,   17759
357826560,   57259,   5427,   22699,   17764
358481920,   57283,   5432,   22700,   17757
359137280,   57266,   5430,   22704,   17759
359792640,   57238,   5436,   22701,   17748
360448000,   57258,   5430,   22681,   17770
361103360,   57244,   5433,   22707,   17755
361758720,   57268,   5432,   22713,   17747
362414080,   57214,   5433,   22698,   17757
363069440,   57232,   5428,   22712,   17757
363724800,   57264,   5427,   22715,   17753
364380160,   57208,   5432,   22711,   17753
365035520,   57274,   5430,   22695,   17768
365690880,   57263,   5426,   22721,   17759
366346240,   57227,   5424,   22722,   17762
367001600,   57270,   5429,   22694,   17768
367656960,   57232,   5418,   22709,   17774
368312320,   57234,   5419,   22714,   17775
368967680,   57223,   5426,   22717,   17758
369623040,   57254,   5421,   22711,   17771
370278400,   57256,   5424,   22710,   17765
370933760,   57235,   5425,   22714,   17763
371589120,   57262,   5419,   22710,   17776
372244480,   57223,   5417,   22730,   17763
372899840,   57239,   5423,   22716,   17765
373555200,   57254,   5427,   22707,   17765
374210560,   57276,   5427,   22690,   17777
374865920,   57290,   5424,   22708,   17768
375521280,   57274,   5419,   22725,   17768
376176640,   57261,   5417,   22703,   17778
376832000,   57235,   5411,   22733,   17776
377487360,   57258,   5415,   22722,   17769
378142720,   57261,   5414,   22727,   17769
378798080,   57259,   5417,   22714,   17780
379453440,   57251,   5418,   22732,   17762
380108800,   57245,   5411,   22745,   17762
380764160,   57235,   5414,   22716,   17780
381419520,   57264,   5411,   22734,   17774
382074880,   57277,   5416,   22727,   17767
382730240,   57282,   5417,   22719,   17776
383385600,   57277,   5414,   22718,   17781
384040960,   57255,   5417,   22730,   17764
384696320,   57257,   5413,   22740,   17769
385351680,   57270,   5419,   22709,   17777
386007040,   57233,   5414,   22723,   17773
386662400,   57253,   5418,   22729,   17759
387317760,   57238,   5424,   22714,   17768
387973120,   57270,   5420,   22712,   17768
388628480,   57251,   5426,   22714,   17762
389283840,   57248,   5426,   22728,   17748
389939200,   57260,   5428,   22695,   17764
390594560,   57274,   5422,   22710,   17770
391249920,   57264,   5424,   22712,   17763
391905280,   57253,   5429,   22696,   17768
392560640,   57251,   5420,   22710,   17768
393216000,   57264,   5422,   22719,   17768
393871360,   57261,   5422,   22724,   17757
394526720,   57262,   5415,   22710,   17779
395182080,   57245,   5415,   22719,   17772
395837440,   57239,   5422,   22722,   17757
396492800,   57252,   5420,   22698,   17777
397148160,   57219,   5414,   22720,   17778
397803520,   57295,   5416,   22720,   17769
398458880,   57205,   5433,   22705,   17755
399114240,   57254,   5427,   22697,   17766
399769600,   57244,   5427,   22701,   17768
400424960,   57249,   5428,   22718,   17752
401080320,   57263,   5421,   22697,   17774
401735680,   57252,   5420,   22708,   17771
402391040,   57236,   5413,   22733,   17766
403046400,   57271,   5418,   22718,   17766
403701760,   57228,   5419,   22723,   17770
404357120,   57232,   5411,   22719,   17780
405012480,   57188,   5415,   22738,   17760
405667840,   57246,   5416,   22711,   17782
406323200,   57221,   5414,   22710,   17782
406978560,   57217,   5419,   22719,   17766
407633920,   57256,   5421,   22708,   17777
408289280,   57212,   5411,   22711,   17787
408944640,   57264,   5414,   22716,   17784
409600000,   57186,   5414,   22728,   17776
410255360,   57218,   5413,   22714,   17786
410910720,   57238,   5418,   22717,   17773
411566080,   57228,   5405,   22751,   17771
412221440,   57243,   5411,   22732,   17771
412876800,   57257,   5414,   22737,   17764
413532160,   57246,   5409,   22736,   17775
414187520,   57255,   5411,   22738,   17766
414842880,   57246,   5414,   22722,   17773
415498240,   57258,   5411,   22728,   17775
416153600,   57229,   5411,   22750,   17763
416808960,   57268,   5411,   22731,   17770
417464320,   57257,   5400,   22740,   17786
418119680,   57250,   5408,   22737,   17777
418775040,   57278,   5414,   22728,   17770
419430400,   57272,   5414,   22714,   17784
420085760,   57293,   5413,   22712,   17780
420741120,   57253,   5410,   22742,   17771
421396480,   57298,   5420,   22714,   17775
422051840,   57268,   5416,   22713,   17782
422707200,   57285,   5409,   22734,   17777
423362560,   57273,   5418,   22713,   17770
424017920,   57267,   5417,   22705,   17781
424673280,   57264,   5415,   22696,   17787
425328640,   57288,   5409,   22720,   17782
425984000,   57293,   5417,   22705,   17785
426639360,   57283,   5411,   22717,   17788
427294720,   57268,   5415,   22728,   17771
427950080,   57273,   5428,   22700,   17768
428605440,   57251,   5422,   22706,   17771
429260800,   57277,   5423,   22715,   17767
429916160,   57297,   5418,   22727,   17761
430571520,   57275,   5425,   22703,   17765
431226880,   57274,   5427,   22701,   17768
431882240,   57241,   5424,   22722,   17760
432537600,   57266,   5424,   22691,   17772
433192960,   57266,   5424,   22694,   17780
433848320,   57293,   5418,   22699,   17784
434503680,   57260,   5417,   22716,   17777
435159040,   57244,   5414,   22718,   17782
435814400,   57290,   5419,   22704,   17781
436469760,   57244,   5422,   22731,   17760
437125120,   57261,   5427,   22704,   17762
437780480,   57234,   5424,   22706,   17766
438435840,   57214,   5421,   22714,   17766
439091200,   57262,   5412,   22730,   17775
439746560,   57263,   5416,   22732,   17766
440401920,   57251,   5413,   22717,   17786
441057280,   57211,   5412,   22739,   17769
441712640,   57265,   5414,   22723,   17775
442368000,   57257,   5418,   22704,   17784
443023360,   57239,   5414,   22732,   17770
443678720,   57253,   5416,   22713,   17773
444334080,   57266,   5417,   22721,   17768
444989440,   57259,   5420,   22707,   17775
445644800,   57277,   5424,   22726,   17757
446300160,   57281,   5424,   22702,   17768
446955520,   57267,   5421,   22711,   17774
447610880,   57262,   5419,   22723,   17764
448266240,   57269,   5420,   22710,   17770
448921600,   57274,   5418,   22720,   17770
449576960,   57304,   5410,   22711,   17786
450232320,   57248,   5411,   22731,   17775
450887680,   57285,   5409,   22715,   17786
451543040,   57296,   5410,   22704,   17797
452198400,   57267,   5411,   22730,   17778
452853760,   57325,   5418,   22712,   17776
453509120,   57302,   5424,   22701,   17775
454164480,   57324,   5416,   22710,   17783
454819840,   57287,   5413,   22726,   17777
455475200,   57249,   5423,   22697,   17778
456130560,   57312,   5417,   22697,   17790
456785920,   57275,   5421,   22721,   17764
457441280,   57313,   5429,   22705,   17765
458096640,   57285,   5430,   22685,   17773
458752000,   57268,   5421,   22709,   17770
459407360,   57302,   5430,   22708,   17754
460062720,   57279,   5424,   22714,   17765
460718080,   57318,   5422,   22702,   17774
461373440,   57312,   5427,   22734,   17747
462028800,   57275,   5426,   22714,   17764
462684160,   57326,   5419,   22712,   17770
463339520,   57292,   5421,   22719,   17764
463994880,   57301,   5424,   22715,   17757
464650240,   57287,   5433,   22717,   17744
465305600,   57266,   5424,   22701,   17771
465960960,   57274,   5417,   22716,   17771
466616320,   57275,   5425,   22704,   17765
467271680,   57323,   5435,   22689,   17762
467927040,   57277,   5424,   22717,   17755
468582400,   57299,   5443,   22697,   17741
469237760,   57260,   5437,   22700,   17753
469893120,   57261,   5436,   22692,   17757
470548480,   57289,   5430,   22702,   17759
471203840,   57279,   5430,   22707,   17759
471859200,   57296,   5435,   22684,   17765
472514560,   57275,   5433,   22698,   17759
473169920,   57327,   5437,   22681,   17765
473825280,   57293,   5428,   22691,   17773
474480640,   57338,   5421,   22688,   17786
475136000,   57288,   5419,   22714,   17771
475791360,   57314,   5427,   22703,   17762
476446720,   57251,   5422,   22678,   17789
477102080,   57271,   5419,   22721,   17769
477757440,   57251,   5423,   22716,   17759
478412800,   57276,   5424,   22714,   17766
479068160,   57265,   5423,   22706,   17771
479723520,   57254,   5431,   22689,   17768
480378880,   57251,   5430,   22697,   17762
481034240,   57279,   5432,   22667,   17782
481689600,   57257,   5423,   22704,   17776
482344960,   57255,   5424,   22701,   17769
483000320,   57266,   5435,   22680,   17767
483655680,   57256,   5429,   22690,   17772
484311040,   57237,   5427,   22700,   17769
484966400,   57258,   5417,   22712,   17774
485621760,   57238,   5430,   22677,   17776
486277120,   57240,   5422,   22697,   17774
486932480,   57221,   5433,   22691,   17760
487587840,   57228,   5433,   22679,   17773
488243200,   57204,   5421,   22703,   17773
488898560,   57230,   5432,   22697,   17764
489553920,   57258,   5434,   22688,   17759
490209280,   57262,   5428,   22686,   17770
490864640,   57270,   5431,   22687,   17768
491520000,   57248,   5433,   22695,   17757
492175360,   57318,   5435,   22663,   17772
492830720,   57291,   5426,   22707,   17766
493486080,   57310,   5427,   22705,   17761
494141440,   57259,   5423,   22719,   17758
494796800,   57292,   5426,   22704,   17767
495452160,   57296,   5423,   22719,   17763
496107520,   57252,   5430,   22716,   17748
496762880,   57307,   5426,   22686,   17776
497418240,   57259,   5421,   22718,   17769
498073600,   57290,   5418,   22722,   17772
498728960,   57298,   5424,   22701,   17770
499384320,   57286,   5429,   22703,   17763
500039680,   57280,   5422,   22702,   17771
500695040,   57273,   5427,   22715,   17755
501350400,   57315,   5426,   22690,   17774
502005760,   57256,   5419,   22712,   17770
502661120,   57286,   5432,   22708,   17757
503316480,   57291,   5429,   22696,   17768
503971840,   57257,   5429,   22703,   17764
504627200,   57324,   5428,   22695,   17770
505282560,   57279,   5432,   22700,   17755
505937920,   57289,   5430,   22703,   17758
506593280,   57295,   5426,   22709,   17765
507248640,   57249,   5427,   22709,   17757
507904000,   57284,   5428,   22695,   17772
508559360,   57241,   5431,   22703,   17761
509214720,   57279,   5419,   22724,   17762
509870080,   57278,   5430,   22712,   17757
510525440,   57339,   5427,   22700,   17772
511180800,   57279,   5424,   22705,   17763
511836160,   57221,   5433,   22698,   17755
512491520,   57309,   5430,   22682,   17778
513146880,   57247,   5430,   22690,   17766
513802240,   57299,   5420,   22712,   17765
514457600,   57231,   5420,   22705,   17775
515112960,   57295,   5423,   22695,   17775
515768320,   57254,   5417,   22704,   17786
516423680,   57240,   5422,   22712,   17766
517079040,   57294,   5419,   22704,   17781
517734400,   57251,   5421,   22707,   17768
518389760,   57303,   5419,   22713,   17772
519045120,   57270,   5427,   22700,   17772
519700480,   57264,   5424,   22696,   17770
520355840,   57268,   5422,   22712,   17772
521011200,   57254,   5430,   22721,   17743
521666560,   57274,   5423,   22704,   17774
522321920,   57258,   5419,   22714,   17773
522977280,   57266,   5419,   22712,   17769
523632640,   57283,   5426,   22705,   17768
524288000,   57281,   5424,   22707,   17764
524943360,   57284,   5417,   22714,   17772
525598720,   57278,   5424,   22722,   17757
526254080,   57284,   5417,   22697,   17784
526909440,   57269,   5407,   22729,   17779
527564800,   57227,   5411,   22734,   17769
528220160,   57287,   5413,   22719,   17784
528875520,   57246,   5411,   22732,   17778
529530880,   57280,   5411,   22719,   17779
530186240,   57278,   5412,   22728,   17771
530841600,   57286,   5407,   22718,   17794
531496960,   57267,   5414,   22702,   17784
532152320,   57247,   5412,   22721,   17782
532807680,   57302,   5411,   22696,   17795
533463040,   57255,   5412,   22721,   17784
534118400,   57309,   5405,   22737,   17777
534773760,   57285,   5408,   22730,   17777
535429120,   57270,   5411,   22716,   17780
536084480,   57333,   5421,   22706,   17772
536739840,   57235,   5417,   22736,   17765
537395200,   57303,   5417,   22694,   17793
538050560,   57274,   5409,   22722,   17783
538705920,   57270,   5411,   22725,   17779
539361280,   57269,   5409,   22710,   17792
540016640,   57265,   5412,   22716,   17788
540672000,   57268,   5403,   22722,   17799
541327360,   57240,   5410,   22744,   17770
541982720,   57271,   5406,   22723,   17788
542638080,   57269,   5399,   22739,   17786
543293440,   57263,   5405,   22746,   17780
543948800,   57233,   5412,   22725,   17777
544604160,   57220,   5407,   22729,   17780
545259520,   57260,   5403,   22725,   17793
545914880,   57286,   5406,   22735,   17778
546570240,   57280,   5403,   22713,   17797
547225600,   57290,   5403,   22731,   17790
547880960,   57218,   5398,   22741,   17786
548536320,   57295,   5410,   22706,   17792
549191680,   57254,   5404,   22723,   17788
549847040,   57266,   5401,   22723,   17800
550502400,   57259,   5403,   22736,   17786
551157760,   57290,   5409,   22717,   17790
551813120,   57250,   5406,   22719,   17795
552468480,   57264,   5410,   22739,   17777
553123840,   57264,   5414,   22713,   17784
553779200,   57276,   5409,   22729,   17784
554434560,   57245,   5401,   22726,   17799
555089920,   57196,   5408,   22720,   17790
555745280,   57263,   5408,   22721,   17788
556400640,   57235,   5405,   22714,   17793
557056000,   57289,   5406,   22735,   17782
557711360,   57242,   5417,   22706,   17780
558366720,   57248,   5408,   22724,   17784
559022080,   57264,   5407,   22731,   17786
559677440,   57273,   5410,   22711,   17790
560332800,   57306,   5414,   22715,   17781
560988160,   57265,   5410,   22710,   17786
561643520,   57279,   5414,   22731,   17767
562298880,   57281,   5421,   22702,   17777
562954240,   57293,   5417,   22702,   17785
563609600,   57249,   5412,   22727,   17774
564264960,   57257,   5414,   22720,   17777
564920320,   57257,   5411,   22715,   17786
565575680,   57268,   5421,   22714,   17771
566231040,   57257,   5413,   22733,   17775
566886400,   57259,   5414,   22715,   17782
567541760,   57299,   5412,   22711,   17786
568197120,   57227,   5411,   22747,   17764
568852480,   57292,   5420,   22712,   17774
569507840,   57232,   5419,   22710,   17778
570163200,   57263,   5420,   22717,   17772
570818560,   57277,   5419,   22732,   17758
571473920,   57241,   5418,   22715,   17768
572129280,   57305,   5416,   22706,   17781
572784640,   57264,   5420,   22722,   17766
573440000,   57302,   5422,   22714,   17763
574095360,   57271,   5423,   22717,   17766
574750720,   57282,   5427,   22715,   17752
575406080,   57283,   5426,   22716,   17758
576061440,   57259,   5425,   22718,   17755
576716800,   57308,   5424,   22705,   17768
577372160,   57245,   5435,   22723,   17739
578027520,   57262,   5439,   22697,   17750
578682880,   57304,   5433,   22701,   17754
579338240,   57262,   5428,   22709,   17761
579993600,   57282,   5428,   22700,   17761
580648960,   57289,   5433,   22707,   17753
581304320,   57281,   5429,   22694,   17765
581959680,   57248,   5430,   22718,   17748
582615040,   57306,   5433,   22705,   17752
583270400,   57294,   5424,   22710,   17768
583925760,   57269,   5429,   22717,   17755
584581120,   57274,   5436,   22696,   17751
585236480,   57250,   5427,   22708,   17764
585891840,   57270,   5417,   22713,   17774
586547200,   57255,   5418,   22715,   17768
587202560,   57245,   5417,   22715,   17771
587857920,   57267,   5427,   22689,   17775
588513280,   57252,   5425,   22718,   17757
589168640,   57265,   5428,   22702,   17758
589824000,   57248,   5427,   22709,   17762
590479360,   57288,   5422,   22710,   17765
591134720,   57261,   5430,   22713,   17754
591790080,   57248,   5433,   22703,   17753
592445440,   57283,   5425,   22697,   17770
593100800,   57229,   5421,   22730,   17762
593756160,   57243,   5420,   22717,   17770
594411520,   57217,   5421,   22709,   17768
595066880,   57248,   5414,   22725,   17768
595722240,   57291,   5423,   22726,   17760
596377600,   57234,   5426,   22721,   17751
597032960,   57286,   5429,   22694,   17765
597688320,   57244,   5429,   22717,   17753
598343680,   57243,   5417,   22712,   17773
598999040,   57241,   5418,   22702,   17780
599654400,   57239,   5423,   22720,   17762
600309760,   57242,   5414,   22718,   17775
600965120,   57236,   5419,   22731,   17765
601620480,   57271,   5417,   22709,   17775
602275840,   57232,   5418,   22729,   17764
602931200,   57229,   5426,   22716,   17757
603586560,   57278,   5419,   22695,   17782
604241920,   57242,   5417,   22723,   17769
604897280,   57238,   5421,   22711,   17775
605552640,   57260,   5418,   22720,   17773
606208000,   57248,   5421,   22710,   17776
606863360,   57257,   5415,   22738,   17760
607518720,   57226,   5418,   22730,   17760
608174080,   57257,   5417,   22712,   17780
608829440,   57229,   5407,   22736,   17780
609484800,   57278,   5420,   22721,   17768
610140160,   57254,   5421,   22718,   17766
610795520,   57277,   5406,   22735,   17777
611450880,   57229,   5408,   22737,   17775
612106240,   57253,   5408,   22749,   17765
612761600,   57311,   5420,   22712,   17772
613416960,   57297,   5415,   22742,   17759
614072320,   57322,   5415,   22742,   17756
614727680,   57264,   5416,   22724,   17767
615383040,   57313,   5411,   22730,   17779
616038400,   57274,   5414,   22739,   17764
616693760,   57283,   5405,   22756,   17766
617349120,   57315,   5418,   22727,   17768
618004480,   57320,   5403,   22757,   17768
618659840,   57309,   5409,   22745,   17767
619315200,   57326,   5417,   22720,   17776
619970560,   57271,   5414,   22731,   17765
620625920,   57301,   5422,   22725,   17756
621281280,   57298,   5420,   22730,   17756
621936640,   57306,   5422,   22711,   17771
622592000,   57308,   5414,   22727,   17767
623247360,   57307,   5421,   22721,   17762
623902720,   57292,   5423,   22710,   17765
624558080,   57306,   5414,   22740,   17765
625213440,   57310,   5430,   22719,   17751
625868800,   57306,   5417,   22737,   17760
626524160,   57270,   5417,   22730,   17767
627179520,   57254,   5415,   22728,   17765
627834880,   57288,   5411,   22742,   17763
628490240,   57250,   5420,   22712,   17767
629145600,   57291,   5412,   22742,   17766
629800960,   57283,   5425,   22729,   17749
630456320,   57269,   5423,   22714,   17762
631111680,   57265,   5423,   22710,   17772
631767040,   57280,   5427,   22723,   17756
632422400,   57276,   5426,   22729,   17753
633077760,   57300,   5437,   22694,   17758
633733120,   57313,   5415,   22734,   17765
634388480,   57315,   5424,   22722,   17756
635043840,   57296,   5422,   22707,   17767
635699200,   57329,   5417,   22718,   17769
636354560,   57325,   5423,   22721,   17762
637009920,   57324,   5414,   22728,   17769
637665280,   57306,   5417,   22718,   17771
638320640,   57292,   5405,   22738,   17776
638976000,   57329,   5407,   22739,   17773
639631360,   57262,   5421,   22719,   17762
640286720,   57309,   5407,   22744,   17776
640942080,   57278,   5417,   22734,   17758
641597440,   57302,   5411,   22744,   17772
642252800,   57319,   5424,   22714,   17765
642908160,   57262,   5417,   22725,   17767
643563520,   57269,   5422,   22734,   17756
644218880,   57294,   5428,   22711,   17756
644874240,   57298,   5417,   22725,   17769
645529600,   57295,   5421,   22731,   17753
646184960,   57280,   5422,   22720,   17767
646840320,   57317,   5419,   22706,   17776
647495680,   57327,   5416,   22722,   17772
648151040,   57311,   5419,   22731,   17762
648806400,   57312,   5424,   22698,   17769
649461760,   57311,   5418,   22724,   17765
650117120,   57346,   5429,   22712,   17756
650772480,   57319,   5424,   22709,   17760
651427840,   57338,   5417,   22711,   17774
652083200,   57314,   5426,   22709,   17768
652738560,   57305,   5411,   22744,   17772
653393920,   57316,   5426,   22695,   17774
654049280,   57298,   5414,   22717,   17775
654704640,   57272,   5416,   22722,   17773
655360000,   57285,   5421,   22709,   17773
656015360,   57343,   5414,   22716,   17774
656670720,   57286,   5419,   22721,   17764
657326080,   57325,   5416,   22735,   17765
657981440,   57308,   5427,   22710,   17763
658636800,   57319,   5422,   22714,   17767
659292160,   57298,   5420,   22735,   17759
659947520,   57299,   5423,   22720,   17759
660602880,   57314,   5409,   22733,   17774
661258240,   57290,   5425,   22720,   17761
661913600,   57329,   5415,   22728,   17772
662568960,   57317,   5420,   22707,   17779
663224320,   57339,   5411,   22709,   17785
663879680,   57303,   5417,   22726,   17771
664535040,   57308,   5423,   22711,   17768
665190400,   57310,   5411,   22722,   17784
665845760,   57303,   5414,   22738,   17767
666501120,   57287,   5424,   22722,   17760
667156480,   57347,   5421,   22710,   17769
667811840,   57304,   5421,   22720,   17768
668467200,   57315,   5417,   22731,   17769
669122560,   57285,   5427,   22698,   17768
669777920,   57324,   5414,   22701,   17790
670433280,   57285,   5416,   22713,   17775
671088640,   57294,   5417,   22714,   17775
671744000,   57293,   5410,   22707,   17795
672399360,   57302,   5417,   22720,   17777
673054720,   57319,   5409,   22738,   17779
673710080,   57296,   5409,   22729,   17781
674365440,   57313,   5403,   22731,   17792
675020800,   57330,   5399,   22730,   17792
675676160,   57273,   5409,   22722,   17782
676331520,   57322,   5405,   22712,   17799
676986880,   57264,   5416,   22706,   17785
677642240,   57304,   5402,   22710,   17804
678297600,   57328,   5408,   22714,   17795
678952960,   57333,   5397,   22719,   17809
679608320,   57319,   5393,   22738,   17799
680263680,   57291,   5407,   22722,   17789
680919040,   57296,   5404,   22716,   17797
681574400,   57284,   5409,   22727,   17782
682229760,   57288,   5404,   22739,   17784
682885120,   57278,   5407,   22719,   17792
683540480,   57305,   5409,   22726,   17786
684195840,   57301,   5405,   22738,   17781
684851200,   57279,   5419,   22716,   17768
685506560,   57294,   5408,   22711,   17794
686161920,   57290,   5412,   22732,   17772
686817280,   57292,   5411,   22723,   17783
687472640,   57330,   5408,   22711,   17796
688128000,   57300,   5408,   22721,   17788
688783360,   57330,   5403,   22731,   17789
689438720,   57291,   5417,   22720,   17774
690094080,   57326,   5408,   22710,   17798
690749440,   57315,   5410,   22720,   17782
691404800,   57314,   5416,   22714,   17776
692060160,   57378,   5410,   22712,   17793
692715520,   57345,   5413,   22704,   17785
693370880,   57345,   5406,   22716,   17796
694026240,   57324,   5415,   22709,   17780
694681600,   57354,   5408,   22718,   17791
695336960,   57306,   5408,   22720,   17789
695992320,   57319,   5408,   22736,   17778
696647680,   57362,   5398,   22720,   17803
697303040,   57306,   5405,   22733,   17783
697958400,   57328,   5404,   22730,   17787
698613760,   57320,   5410,   22720,   17785
699269120,   57342,   5397,   22723,   17801
699924480,   57313,   5405,   22728,   17790
700579840,   57319,   5415,   22718,   17772
701235200,   57316,   5406,   22707,   17801
701890560,   57315,   5405,   22718,   17792
702545920,   57290,   5402,   22735,   17788
703201280,   57324,   5402,   22731,   17790
703856640,   57280,   5414,   22715,   17786
704512000,   57300,   5403,   22731,   17792
705167360,   57264,   5409,   22743,   17775
705822720,   57316,   5402,   22728,   17797
706478080,   57297,   5403,   22727,   17790
707133440,   57282,   5401,   22730,   17797
707788800,   57310,   5404,   22719,   17795
708444160,   57287,   5405,   22718,   17796
709099520,   57328,   5404,   22718,   17797
709754880,   57263,   5420,   22703,   17778
710410240,   57292,   5406,   22707,   17800
711065600,   57293,   5409,   22720,   17786
711720960,   57282,   5414,   22714,   17784
712376320,   57338,   5406,   22709,   17801
713031680,   57320,   5409,   22717,   17784
713687040,   57330,   5400,   22735,   17795
714342400,   57312,   5401,   22737,   17784
714997760,   57281,   5401,   22732,   17793
715653120,   57340,   5405,   22734,   17788
716308480,   57320,   5414,   22740,   17768
716963840,   57357,   5402,   22726,   17794
717619200,   57289,   5405,   22727,   17786
718274560,   57353,   5408,   22728,   17783
718929920,   57314,   5404,   22723,   17788
719585280,   57306,   5407,   22710,   17792
720240640,   57348,   5398,   22736,   17792
720896000,   57338,   5408,   22746,   17774
721551360,   57367,   5401,   22722,   17798
722206720,   57301,   5401,   22728,   17791
722862080,   57315,   5396,   22745,   17793
723517440,   57345,   5401,   22738,   17792
724172800,   57342,   5405,   22736,   17784
724828160,   57365,   5402,   22743,   17787
725483520,   57321,   5400,   22742,   17786
726138880,   57364,   5405,   22719,   17797
726794240,   57386,   5406,   22725,   17790
727449600,   57361,   5404,   22733,   17786
728104960,   57408,   5402,   22721,   17798
728760320,   57351,   5407,   22713,   17795
729415680,   57368,   5401,   22725,   17801
730071040,   57339,   5407,   22729,   17789
730726400,   57322,   5409,   22717,   17783
731381760,   57330,   5396,   22729,   17802
732037120,   57317,   5407,   22732,   17784
732692480,   57351,   5408,   22715,   17790
733347840,   57300,   5417,   22716,   17777
734003200,   57354,   5401,   22729,   17792
734658560,   57331,   5406,   22723,   17785
735313920,   57376,   5413,   22696,   17799
735969280,   57350,   5401,   22709,   17805
736624640,   57366,   5402,   22735,   17787
737280000,   57371,   5395,   22710,   17814
737935360,   57386,   5399,   22725,   17805
738590720,   57369,   5395,   22734,   17799
739246080,   57330,   5402,   22730,   17790
739901440,   57343,   5405,   22722,   17788
740556800,   57354,   5404,   22720,   17799
741212160,   57334,   5406,   22739,   17776
741867520,   57368,   5412,   22713,   17782
742522880,   57356,   5408,   22717,   17789
743178240,   57346,   5412,   22727,   17778
743833600,   57340,   5405,   22711,   17794
744488960,   57338,   5410,   22711,   17786
745144320,   57369,   5401,   22717,   17805
745799680,   57324,   5404,   22746,   17779
746455040,   57329,   5403,   22717,   17796
747110400,   57338,   5407,   22714,   17791
747765760,   57321,   5401,   22737,   17786
748421120,   57381,   5404,   22723,   17792
749076480,   57354,   5407,   22733,   17783
749731840,   57387,   5401,   22724,   17801
750387200,   57353,   5408,   22730,   17777
751042560,   57391,   5410,   22708,   17797
751697920,   57338,   5403,   22718,   17795
752353280,   57329,   5408,   22737,   17776
753008640,   57340,   5403,   22717,   17801
753664000,   57328,   5407,   22724,   17786
754319360,   57320,   5398,   22736,   17799
754974720,   57290,   5409,   22734,   17775
755630080,   57324,   5408,   22733,   17779
756285440,   57348,   5404,   22731,   17788
756940800,   57319,   5414,   22747,   17757
757596160,   57347,   5404,   22737,   17783
758251520,   57320,   5407,   22727,   17788
758906880,   57316,   5401,   22734,   17788
759562240,   57359,   5408,   22729,   17781
760217600,   57304,   5414,   22716,   17784
760872960,   57351,   5409,   22714,   17794
761528320,   57311,   5404,   22735,   17784
762183680,   57338,   5403,   22726,   17792
762839040,   57312,   5404,   22734,   17788
763494400,   57304,   5399,   22741,   17792
764149760,   57340,   5392,   22745,   17801
764805120,   57301,   5394,   22742,   17793
765460480,   57339,   5389,   22742,   17813
766115840,   57297,   5401,   22742,   17786
766771200,   57324,   5397,   22734,   17797
767426560,   57311,   5398,   22733,   17797
768081920,   57306,   5401,   22747,   17787
768737280,   57338,   5403,   22750,   17778
769392640,   57324,   5401,   22732,   17793
770048000,   57349,   5391,   22746,   17799
770703360,   57295,   5398,   22747,   17791
771358720,   57276,   5394,   22744,   17797
772014080,   57308,   5389,   22734,   17813
772669440,   57294,   5394,   22755,   17793
773324800,   57341,   5396,   22733,   17801
773980160,   57276,   5398,   22729,   17802
774635520,   57329,   5397,   22732,   17803
775290880,   57311,   5402,   22726,   17797
775946240,   57297,   5405,   22722,   17794
776601600,   57341,   5398,   22722,   17803
777256960,   57315,   5406,   22737,   17776
777912320,   57348,   5405,   22726,   17787
778567680,   57323,   5400,   22719,   17803
779223040,   57287,   5397,   22725,   17801
779878400,   57355,   5397,   22741,   17791
780533760,   57327,   5409,   22737,   17771
781189120,   57351,   5405,   22721,   17791
781844480,   57319,   5411,   22726,   17776
782499840,   57332,   5413,   22725,   17776
783155200,   57309,   5415,   22714,   17780
783810560,   57339,   5416,   22719,   17775
784465920,   57339,   5420,   22711,   17771
785121280,   57311,   5419,   22715,   17767
785776640,   57312,   5406,   22702,   17799
786432000,   57313,   5413,   22711,   17787
787087360,   57342,   5412,   22710,   17789
787742720,   57359,   5412,   22701,   17793
788398080,   57375,   5415,   22713,   17782
789053440,   57392,   5411,   22698,   17793
789708800,   57388,   5429,   22693,   17773
790364160,   57390,   5418,   22700,   17784
791019520,   57378,   5424,   22713,   17768
791674880,   57378,   5425,   22707,   17766
792330240,   57379,   5417,   22696,   17784
792985600,   57351,   5421,   22705,   17775
793640960,   57368,   5419,   22696,   17780
794296320,   57359,   5426,   22692,   17773
794951680,   57316,   5417,   22705,   17782
795607040,   57313,   5413,   22718,   17780
796262400,   57344,   5433,   22704,   17758
796917760,   57323,   5416,   22700,   17789
797573120,   57304,   5423,   22721,   17758
798228480,   57335,   5420,   22709,   17773
798883840,   57310,   5426,   22704,   17769
799539200,   57307,   5415,   22714,   17776
800194560,   57311,   5424,   22713,   17766
800849920,   57331,   5415,   22729,   17764
801505280,   57333,   5412,   22708,   17784
802160640,   57306,   5413,   22734,   17766
802816000,   57317,   5425,   22712,   17764
803471360,   57337,   5417,   22702,   17785
804126720,   57316,   5414,   22726,   17776
804782080,   57331,   5412,   22722,   17776
805437440,   57321,   5412,   22729,   17772
806092800,   57345,   5414,   22717,   17778
806748160,   57338,   5415,   22725,   17769
807403520,   57362,   5417,   22729,   17769
808058880,   57375,   5419,   22715,   17776
808714240,   57382,   5416,   22735,   17766
809369600,   57326,   5420,   22716,   17771
810024960,   57395,   5415,   22733,   17770
810680320,   57377,   5413,   22716,   17785
811335680,   57354,   5406,   22734,   17782
811991040,   57365,   5400,   22746,   17787
812646400,   57333,   5402,   22707,   17807
813301760,   57374,   5406,   22738,   17777
813957120,   57328,   5417,   22728,   17770
814612480,   57333,   5415,   22717,   17779
815267840,   57378,   5422,   22712,   17767
815923200,   57343,   5416,   22718,   17779
816578560,   57374,   5418,   22724,   17772
817233920,   57380,   5418,   22686,   17793
817889280,   57356,   5411,   22716,   17783
818544640,   57324,   5411,   22714,   17784
819200000,   57319,   5410,   22726,   17779
819855360,   57345,   5408,   22726,   17783
820510720,   57303,   5411,   22725,   17779
821166080,   57306,   5412,   22739,   17768
821821440,   57325,   5418,   22718,   17772
822476800,   57339,   5423,   22732,   17752
823132160,   57356,   5422,   22736,   17752
823787520,   57357,   5418,   22716,   17771
824442880,   57370,   5417,   22726,   17770
825098240,   57342,   5417,   22718,   17769
825753600,   57346,   5413,   22734,   17769
826408960,   57355,   5418,   22703,   17778
827064320,   57337,   5411,   22724,   17778
827719680,   57345,   5423,   22730,   17758
828375040,   57389,   5427,   22710,   17759
829030400,   57387,   5421,   22728,   17762
829685760,   57328,   5425,   22714,   17764
830341120,   57346,   5427,   22730,   17741
830996480,   57351,   5433,   22705,   17757
831651840,   57338,   5433,   22708,   17751
832307200,   57372,   5429,   22727,   17750
832962560,   57342,   5430,   22697,   17765
833617920,   57346,   5421,   22729,   17757
834273280,   57323,   5424,   22705,   17769
834928640,   57321,   5426,   22704,   17766
835584000,   57332,   5424,   22692,   17780
836239360,   57326,   5413,   22721,   17776
836894720,   57348,   5414,   22732,   17769
837550080,   57332,   5411,   22707,   17787
838205440,   57354,   5414,   22720,   17773
838860800,   57328,   5418,   22730,   17767
839516160,   57340,   5419,   22715,   17772
840171520,   57328,   5417,   22725,   17767
840826880,   57354,   5417,   22723,   17773
841482240,   57332,   5422,   22728,   17760
842137600,   57343,   5418,   22705,   17780
842792960,   57344,   5411,   22731,   17779
843448320,   57337,   5414,   22742,   17767
844103680,   57346,   5417,   22715,   17772
844759040,   57352,   5417,   22713,   17774
845414400,   57376,   5417,   22720,   17771
846069760,   57365,   5427,   22725,   17751
846725120,   57350,   5426,   22717,   17757
847380480,   57306,   5428,   22724,   17750
848035840,   57312,   5420,   22737,   17756
848691200,   57335,   5422,   22716,   17765
849346560,   57360,   5421,   22724,   17758
850001920,   57383,   5428,   22722,   17753
850657280,   57333,   5427,   22728,   17749
851312640,   57347,   5428,   22706,   17765
851968000,   57394,   5424,   22707,   17769
852623360,   57396,   5427,   22721,   17755
853278720,   57387,   5421,   22704,   17776
853934080,   57359,   5419,   22722,   17762
854589440,   57368,   5421,   22736,   17755
855244800,   57360,   5424,   22731,   17755
855900160,   57331,   5421,   22733,   17760
856555520,   57374,   5425,   22730,   17753
857210880,   57349,   5426,   22740,   17744
857866240,   57360,   5421,   22723,   17766
858521600,   57347,   5416,   22733,   17764
859176960,   57357,   5416,   22739,   17757
859832320,   57363,   5418,   22721,   17771
860487680,   57354,   5416,   22730,   17764
861143040,   57356,   5418,   22726,   17766
861798400,   57350,   5425,   22737,   17746
862453760,   57359,   5423,   22716,   17766
863109120,   57369,   5421,   22730,   17762
863764480,   57359,   5417,   22736,   17760
864419840,   57355,   5420,   22725,   17762
865075200,   57335,   5427,   22725,   17748
865730560,   57326,   5418,   22719,   17769
866385920,   57336,   5421,   22733,   17758
867041280,   57338,   5416,   22710,   17780
867696640,   57329,   5413,   22716,   17783
868352000,   57323,   5417,   22727,   17767
869007360,   57354,   5410,   22729,   17778
869662720,   57326,   5414,   22720,   17774
870318080,   57337,   5412,   22734,   17772
870973440,   57356,   5414,   22735,   17765
871628800,   57330,   5415,   22718,   17771
872284160,   57342,   5414,   22719,   17774
872939520,   57348,   5421,   22736,   17758
873594880,   57292,   5420,   22717,   17767
874250240,   57298,   5423,   22715,   17767
874905600,   57311,   5420,   22728,   17765
875560960,   57297,   5417,   22723,   17765
876216320,   57327,   5420,   22726,   17765
876871680,   57326,   5415,   22718,   17774
877527040,   57311,   5415,   22744,   17754
878182400,   57320,   5415,   22730,   17770
878837760,   57309,   5411,   22740,   17766
879493120,   57320,   5417,   22750,   17749
880148480,   57327,   5418,   22747,   17747
880803840,   57285,   5429,   22739,   17733
881459200,   57334,   5415,   22744,   17758
882114560,   57299,   5422,   22756,   17734
882769920,   57350,   5428,   22728,   17745
883425280,   57319,   5417,   22746,   17754
884080640,   57310,   5414,   22750,   17757
884736000,   57339,   5414,   22729,   17774
885391360,   57306,   5426,   22721,   17759
886046720,   57322,   5415,   22730,   17772
886702080,   57272,   5424,   22731,   17752
887357440,   57316,   5421,   22725,   17759
888012800,   57331,   5422,   22721,   17765
888668160,   57297,   5431,   22740,   17736
889323520,   57342,   5428,   22729,   17746
889978880,   57292,   5424,   22728,   17748
890634240,   57334,   5420,   22725,   17763
891289600,   57321,   5427,   22725,   17751
891944960,   57296,   5427,   22715,   17758
892600320,   57343,   5415,   22714,   17778
893255680,   57293,   5421,   22737,   17754
893911040,   57294,   5412,   22734,   17774
894566400,   57295,   5418,   22734,   17757
895221760,   57313,   5419,   22748,   17752
895877120,   57296,   5425,   22734,   17747
896532480,   57277,   5434,   22734,   17736
897187840,   57308,   5417,   22737,   17756
897843200,   57291,   5425,   22747,   17741
898498560,   57297,   5418,   22740,   17753
899153920,   57285,   5420,   22718,   17767
899809280,   57281,   5424,   22739,   17747
900464640,   57299,   5418,   22730,   17760
901120000,   57265,   5424,   22714,   17759
901775360,   57296,   5411,   22724,   17778
902430720,   57276,   5417,   22743,   17752
903086080,   57290,   5423,   22726,   17758
903741440,   57306,   5415,   22721,   17769
904396800,   57316,   5420,   22724,   17763
905052160,   57313,   5417,   22717,   17772
905707520,   57333,   5433,   22702,   17750
906362880,   57296,   5423,   22720,   17756
907018240,   57320,   5427,   22724,   17749
907673600,   57304,   5424,   22721,   17754
908328960,   57277,   5415,   22719,   17779
908984320,   57300,   5419,   22729,   17758
909639680,   57331,   5417,   22718,   17772
910295040,   57299,   5424,   22709,   17763
910950400,   57288,   5414,   22721,   17773
911605760,   57277,   5420,   22735,   17754
912261120,   57252,   5421,   22725,   17758
912916480,   57288,   5414,   22721,   17778
913571840,   57273,   5421,   22739,   17750
914227200,   57318,   5417,   22733,   17760
914882560,   57266,   5417,   22719,   17770
915537920,   57302,   5416,   22729,   17772
916193280,   57328,   5414,   22738,   17770
916848640,   57276,   5423,   22716,   17765
917504000,   57289,   5401,   22734,   17788
918159360,   57280,   5417,   22735,   17761
918814720,   57268,   5422,   22728,   17756
919470080,   57299,   5410,   22730,   17775
920125440,   57253,   5412,   22737,   17770
920780800,   57267,   5408,   22749,   17773
921436160,   57242,   5419,   22739,   17755
922091520,   57268,   5407,   22743,   17771
922746880,   57289,   5409,   22745,   17770
923402240,   57249,   5417,   22728,   17768
924057600,   57287,   5413,   22723,   17779
924712960,   57282,   5417,   22728,   17764
925368320,   57293,   5411,   22731,   17770
926023680,   57289,   5423,   22711,   17770
926679040,   57301,   5410,   22716,   17786
927334400,   57289,   5407,   22738,   17775
927989760,   57272,   5415,   22717,   17778
928645120,   57286,   5404,   22726,   17792
929300480,   57282,   5414,   22741,   17764
929955840,   57297,   5418,   22738,   17758
930611200,   57288,   5417,   22730,   17761
931266560,   57281,   5407,   22729,   17780
931921920,   57287,   5398,   22752,   17782
932577280,   57301,   5416,   22734,   17763
933232640,   57274,   5409,   22717,   17792
933888000,   57264,   5415,   22712,   17784
934543360,   57321,   5409,   22717,   17784
935198720,   57279,   5413,   22715,   17780
935854080,   57295,   5411,   22719,   17780
936509440,   57303,   5407,   22743,   17778
937164800,   57306,   5416,   22729,   17766
937820160,   57317,   5405,   22722,   17789
938475520,   57298,   5415,   22726,   17773
939130880,   57300,   5415,   22710,   17782
939786240,   57290,   5414,   22706,   17791
940441600,   57318,   5417,   22709,   17779
941096960,   57288,   5407,   22713,   17791
941752320,   57305,   5420,   22714,   17775
942407680,   57324,   5410,   22704,   17797
943063040,   57314,   5407,   22727,   17786
943718400,   57309,   5411,   22720,   17782
944373760,   57333,   5413,   22710,   17791
945029120,   57276,   5409,   22732,   17775
945684480,   57300,   5404,   22733,   17788
946339840,   57304,   5411,   22738,   17771
946995200,   57289,   5405,   22727,   17786
947650560,   57266,   5412,   22727,   17779
948305920,   57250,   5414,   22725,   17768
948961280,   57287,   5414,   22701,   17792
949616640,   57267,   5408,   22728,   17782
950272000,   57305,   5401,   22730,   17791
950927360,   57269,   5410,   22723,   17786
951582720,   57290,   5401,   22728,   17796
952238080,   57289,   5398,   22739,   17793
952893440,   57256,   5405,   22747,   17775
953548800,   57287,   5404,   22720,   17799
954204160,   57261,   5401,   22740,   17788
954859520,   57273,   5399,   22744,   17788
955514880,   57281,   5404,   22728,   17788
956170240,   57299,   5399,   22733,   17795
956825600,   57287,   5400,   22724,   17795
957480960,   57274,   5411,   22732,   17778
958136320,   57283,   5398,   22714,   17805
958791680,   57282,   5405,   22739,   17777
959447040,   57238,   5411,   22734,   17773
960102400,   57274,   5413,   22719,   17784
960757760,   57282,   5408,   22733,   17781
961413120,   57296,   5405,   22727,   17786
962068480,   57278,   5408,   22735,   17772
962723840,   57290,   5416,   22702,   17787
963379200,   57292,   5413,   22720,   17780
964034560,   57306,   5421,   22723,   17761
964689920,   57340,   5415,   22716,   17781
965345280,   57278,   5417,   22721,   17775
966000640,   57264,   5410,   22729,   17781
966656000,   57308,   5417,   22725,   17768
967311360,   57315,   5412,   22716,   17780
967966720,   57280,   5409,   22732,   17776
968622080,   57327,   5417,   22736,   17762
969277440,   57286,   5404,   22731,   17789
969932800,   57230,   5411,   22741,   17770
970588160,   57266,   5406,   22740,   17775
971243520,   57274,   5412,   22732,   17771
971898880,   57270,   5405,   22728,   17785
972554240,   57297,   5412,   22732,   17775
973209600,   57250,   5419,   22723,   17769
973864960,   57308,   5401,   22733,   17793
974520320,   57260,   5406,   22724,   17790
975175680,   57291,   5407,   22741,   17781
975831040,   57303,   5403,   22737,   17781
976486400,   57287,   5411,   22738,   17767
977141760,   57303,   5405,   22738,   17786
977797120,   57276,   5413,   22733,   17768
978452480,   57252,   5412,   22712,   17782
979107840,   57274,   5407,   22722,   17785
979763200,   57265,   5412,   22739,   17770
980418560,   57305,   5414,   22715,   17777
981073920,   57277,   5420,   22715,   17771
981729280,   57313,   5411,   22717,   17784
982384640,   57305,   5410,   22735,   17771
983040000,   57316,   5411,   22703,   17797
983695360,   57297,   5410,   22726,   17777
984350720,   57257,   5411,   22744,   17766
985006080,   57298,   5415,   22712,   17783
985661440,   57257,   5417,   22724,   17764
986316800,   57309,   5405,   22729,   17788
986972160,   57297,   5417,   22733,   17765
987627520,   57288,   5411,   22731,   17775
988282880,   57298,   5409,   22731,   17776
988938240,   57289,   5417,   22735,   17764
989593600,   57315,   5408,   22710,   17791
990248960,   57298,   5420,   22717,   17768
990904320,   57336,   5416,   22717,   17776
991559680,   57314,   5417,   22713,   17777
992215040,   57308,   5416,   22711,   17775
992870400,   57335,   5417,   22711,   17783
993525760,   57284,   5417,   22728,   17765
994181120,   57313,   5419,   22702,   17784
994836480,   57318,   5419,   22727,   17768
995491840,   57316,   5419,   22734,   17763
996147200,   57314,   5414,   22729,   17774
996802560,   57304,   5410,   22727,   17779
997457920,   57302,   5407,   22734,   17784
998113280,   57274,   5415,   22749,   17755
998768640,   57286,   5419,   22716,   17773
999424000,   57308,   5417,   22715,   17775
1000079360,   57279,   5405,   22743,   17775
1000734720,   57302,   5414,   22707,   17782
1001390080,   57286,   5413,   22726,   17777
1002045440,   57282,   5403,   22728,   17793
1002700800,   57272,   5405,   22748,   17774
1003356160,   57290,   5414,   22733,   17774
1004011520,   57291,   5413,   22721,   17781
1004666880,   57313,   5401,   22757,   17774
1005322240,   57316,   5403,   22732,   17790
1005977600,   57332,   5399,   22737,   17790
1006632960,   57333,   5404,   22733,   17783
1007288320,   57324,   5404,   22739,   17779
1007943680,   57315,   5405,   22718,   17790
1008599040,   57314,   5409,   22717,   17792
1009254400,   57293,   5401,   22748,   17783
1009909760,   57332,   5410,   22722,   17785
1010565120,   57309,   5398,   22729,   17799
1011220480,   57287,   5396,   22747,   17790
1011875840,   57337,   5404,   22732,   17783
1012531200,   57316,   5404,   22719,   17799
1013186560,   57301,   5400,   22705,   17815
1013841920,   57305,   5395,   22756,   17790
1014497280,   57334,   5399,   22732,   17797
1015152640,   57314,   5400,   22740,   17794
1015808000,   57325,   5393,   22754,   17790
1016463360,   57316,   5398,   22737,   17791
1017118720,   57333,   5398,   22743,   17789
1017774080,   57284,   5398,   22732,   17796
1018429440,   57294,   5400,   22754,   17777
1019084800,   57325,   5397,   22737,   17793
1019740160,   57318,   5392,   22742,   17800
1020395520,   57327,   5391,   22761,   17792
1021050880,   57301,   5401,   22739,   17789
1021706240,   57303,   5392,   22751,   17795
1022361600,   57313,   5394,   22753,   17787
1023016960,   57304,   5406,   22746,   17779
1023672320,   57312,   5406,   22732,   17779
1024327680,   57293,   5406,   22725,   17792
1024983040,   57291,   5398,   22756,   17776
1025638400,   57267,   5402,   22735,   17790
1026293760,   57294,   5404,   22735,   17788
1026949120,   57311,   5401,   22730,   17793
1027604480,   57320,   5408,   22740,   17774
1028259840,   57280,   5403,   22754,   17778
1028915200,   57278,   5402,   22729,   17788
1029570560,   57279,   5397,   22751,   17784
1030225920,   57271,   5406,   22728,   17788
1030881280,   57292,   5398,   22725,   17800
1031536640,   57286,   5391,   22738,   17807
1032192000,   57242,   5404,   22738,   17786
1032847360,   57272,   5403,   22736,   17781
1033502720,   57284,   5406,   22714,   17791
1034158080,   57266,   5411,   22742,   17773
1034813440,   57255,   5411,   22732,   17771
1035468800,   57265,   5407,   22727,   17782
1036124160,   57242,   5399,   22749,   17784
1036779520,   57284,   5414,   22742,   17764
1037434880,   57307,   5413,   22742,   17765
1038090240,   57317,   5422,   22707,   17770
1038745600,   57309,   5413,   22742,   17768
1039400960,   57294,   5403,   22744,   17777
1040056320,   57328,   5404,   22723,   17797
1040711680,   57326,   5402,   22740,   17783
1041367040,   57277,   5406,   22735,   17781
1042022400,   57296,   5409,   22733,   17781
1042677760,   57285,   5411,   22720,   17779
1043333120,   57296,   5411,   22743,   17763
1043988480,   57306,   5414,   22736,   17770
1044643840,   57320,   5418,   22706,   17779
1045299200,   57275,   5417,   22732,   17767
1045954560,   57313,   5420,   22717,   17772
1046609920,   57353,   5423,   22712,   17767
1047265280,   57333,   5423,   22706,   17767
1047920640,   57304,   5414,   22727,   17776
1048576000,   57334,   5411,   22735,   17769
1049231360,   57330,   5417,   22703,   17781
1049886720,   57355,   5414,   22724,   17776
1050542080,   57331,   5418,   22719,   17772
1051197440,   57346,   5412,   22722,   17774
1051852800,   57343,   5405,   22742,   17783
1052508160,   57319,   5408,   22737,   17776
1053163520,   57363,   5412,   22740,   17771
1053818880,   57335,   5411,   22701,   17795
1054474240,   57374,   5404,   22746,   17783
1055129600,   57347,   5412,   22720,   17783
1055784960,   57340,   5403,   22724,   17790
1056440320,   57349,   5401,   22738,   17788
1057095680,   57346,   5411,   22715,   17783
1057751040,   57377,   5414,   22728,   17774
1058406400,   57373,   5402,   22715,   17802
1059061760,   57320,   5409,   22745,   17770
1059717120,   57288,   5415,   22735,   17765
1060372480,   57331,   5408,   22730,   17783
1061027840,   57347,   5404,   22748,   17772
1061683200,   57331,   5407,   22738,   17776
1062338560,   57317,   5404,   22745,   17774
1062993920,   57333,   5398,   22735,   17792
1063649280,   57298,   5401,   22738,   17787
1064304640,   57292,   5407,   22743,   17777
1064960000,   57322,   5398,   22730,   17803
1065615360,   57301,   5397,   22742,   17795
1066270720,   57358,   5395,   22739,   17795
1066926080,   57323,   5410,   22734,   17779
1067581440,   57337,   5412,   22734,   17769
1068236800,   57334,   5410,   22738,   17774
1068892160,   57335,   5412,   22747,   17760
1069547520,   57321,   5407,   22730,   17785
1070202880,   57302,   5407,   22750,   17765
1070858240,   57285,   5399,   22746,   17781
1071513600,   57315,   5406,   22739,   17775
1072168960,   57322,   5409,   22742,   17770
1072824320,   57309,   5406,   22744,   17777
1073479680,   57293,   5404,   22755,   17772
1074135040,   57324,   5401,   22739,   17786
1074790400,   57302,   5404,   22755,   17775
1075445760,   57304,   5400,   22761,   17777
1076101120,   57332,   5401,   22735,   17788
1076756480,   57301,   5407,   22749,   17767
1077411840,   57327,   5404,   22742,   17779
1078067200,   57291,   5408,   22746,   17765
1078722560,   57313,   5408,   22730,   17785
1079377920,   57319,   5413,   22739,   17763
1080033280,   57295,   5416,   22737,   17762
1080688640,   57312,   5403,   22731,   17785
1081344000,   57334,   5416,   22742,   17755
1081999360,   57337,   5413,   22739,   17765
1082654720,   57292,   5411,   22747,   17760
1083310080,   57315,   5416,   22726,   17764
1083965440,   57351,   5416,   22738,   17765
1084620800,   57309,   5417,   22751,   17752
1085276160,   57335,   5417,   22734,   17763
1085931520,   57329,   5422,   22753,   17743
1086586880,   57364,   5422,   22732,   17751
1087242240,   57307,   5425,   22731,   17754
1087897600,   57302,   5416,   22738,   17759
1088552960,   57305,   5415,   22742,   17759
1089208320,   57312,   5420,   22749,   17747
1089863680,   57302,   5414,   22717,   17779
1090519040,   57302,   5407,   22753,   17764
1091174400,   57278,   5411,   22761,   17754
1091829760,   57291,   5422,   22746,   17745
1092485120,   57313,   5418,   22744,   17755
1093140480,   57332,   5416,   22747,   17756
1093795840,   57325,   5420,   22764,   17739
1094451200,   57343,   5415,   22739,   17763
1095106560,   57334,   5412,   22755,   17756
1095761920,   57335,   5401,   22768,   17767
1096417280,   57308,   5408,   22740,   17776
1097072640,   57341,   5396,   22763,   17778
1097728000,   57319,   5402,   22749,   17774
1098383360,   57309,   5401,   22760,   17769
1099038720,   57322,   5405,   22736,   17783
1099694080,   57322,   5405,   22748,   17780
1100349440,   57367,   5403,   22758,   17766
1101004800,   57379,   5405,   22738,   17776
1101660160,   57375,   5400,   22758,   17773
1102315520,   57291,   5405,   22748,   17775
1102970880,   57319,   5408,   22755,   17763
1103626240,   57299,   5407,   22739,   17779
1104281600,   57293,   5402,   22745,   17777
1104936960,   57298,   5404,   22762,   17763
1105592320,   57270,   5408,   22734,   17776
1106247680,   57324,   5399,   22752,   17783
1106903040,   57318,   5392,   22751,   17793
1107558400,   57297,   5409,   22755,   17766
1108213760,   57322,   5407,   22746,   17771
1108869120,   57340,   5404,   22743,   17776
1109524480,   57371,   5404,   22759,   17773
1110179840,   57352,   5411,   22725,   17780
1110835200,   57326,   5408,   22746,   17771
1111490560,   57339,   5405,   22749,   17776
1112145920,   57359,   5407,   22737,   17776
1112801280,   57335,   5402,   22737,   17782
1113456640,   57332,   5404,   22734,   17783
1114112000,   57346,   5408,   22747,   17771
1114767360,   57342,   5413,   22720,   17783
1115422720,   57372,   5405,   22722,   17787
1116078080,   57336,   5408,   22738,   17780
1116733440,   57308,   5414,   22726,   17774
1117388800,   57331,   5406,   22731,   17787
1118044160,   57325,   5406,   22732,   17780
1118699520,   57289,   5402,   22758,   17771
1119354880,   57317,   5410,   22736,   17773
1120010240,   57329,   5403,   22749,   17778
1120665600,   57345,   5394,   22765,   17787
1121320960,   57318,   5402,   22735,   17791
1121976320,   57325,   5399,   22758,   17782
1122631680,   57305,   5403,   22738,   17787
1123287040,   57277,   5401,   22746,   17780
1123942400,   57292,   5398,   22735,   17801
1124597760,   57338,   5396,   22747,   17794
1125253120,   57303,   5395,   22759,   17785
1125908480,   57260,   5395,   22742,   17799
1126563840,   57298,   5393,   22749,   17792
1127219200,   57300,   5404,   22738,   17781
1127874560,   57300,   5414,   22736,   17769
1128529920,   57280,   5399,   22741,   17785
1129185280,   57324,   5406,   22736,   17776
1129840640,   57310,   5397,   22760,   17779
1130496000,   57298,   5403,   22723,   17790
1131151360,   57337,   5396,   22752,   17790
1131806720,   57336,   5401,   22757,   17776
1132462080,   57310,   5406,   22750,   17776
1133117440,   57293,   5401,   22757,   17776
1133772800,   57296,   5409,   22746,   17767
1134428160,   57330,   5405,   22771,   17764
1135083520,   57311,   5407,   22744,   17771
1135738880,   57305,   5405,   22747,   17775
1136394240,   57340,   5400,   22762,   17774
1137049600,   57298,   5408,   22746,   17767
1137704960,   57329,   5404,   22740,   17776
1138360320,   57273,   5411,   22738,   17774
1139015680,   57316,   5405,   22751,   17769
1139671040,   57299,   5413,   22741,   17767
1140326400,   57259,   5410,   22729,   17776
1140981760,   57295,   5401,   22750,   17776
1141637120,   57271,   5404,   22753,   17772
1142292480,   57322,   5398,   22758,   17783
1142947840,   57331,   5403,   22752,   17772
1143603200,   57284,   5401,   22764,   17769
1144258560,   57299,   5396,   22768,   17776
1144913920,   57309,   5401,   22756,   17775
1145569280,   57320,   5399,   22776,   17768
1146224640,   57314,   5412,   22753,   17759
1146880000,   57319,   5406,   22746,   17773
1147535360,   57284,   5402,   22756,   17770
1148190720,   57251,   5398,   22771,   17770
1148846080,   57263,   5398,   22752,   17781
1149501440,   57310,   5399,   22744,   17785
1150156800,   57319,   5400,   22765,   17774
1150812160,   57289,   5407,   22742,   17776
1151467520,   57242,   5403,   22741,   17779
1152122880,   57279,   5397,   22762,   17776
1152778240,   57292,   5407,   22752,   17765
1153433600,   57309,   5405,   22743,   17781
1154088960,   57270,   5411,   22724,   17783
1154744320,   57317,   5402,   22758,   17772
1155399680,   57332,   5408,   22742,   17775
1156055040,   57315,   5399,   22737,   17795
1156710400,   57297,   5395,   22758,   17783
1157365760,   57301,   5402,   22756,   17774
1158021120,   57296,   5398,   22744,   17792
1158676480,   57309,   5397,   22739,   17793
1159331840,   57319,   5389,   22768,   17786
1159987200,   57266,   5397,   22758,   17784
1160642560,   57311,   5404,   22744,   17781
1161297920,   57296,   5392,   22757,   17789
1161953280,   57287,   5404,   22745,   17774
1162608640,   57293,   5403,   22754,   17776
1163264000,   57290,   5399,   22755,   17781
1163919360,   57301,   5408,   22756,   17762
1164574720,   57274,   5404,   22755,   17769
1165230080,   57243,   5405,   22748,   17774
1165885440,   57282,   5400,   22771,   17771
1166540800,   57276,   5407,   22758,   17763
1167196160,   57265,   5408,   22745,   17773
1167851520,   57299,   5412,   22752,   17760
1168506880,   57316,   5414,   22740,   17760
1169162240,   57339,   5411,   22750,   17766
1169817600,   57296,   5411,   22726,   17780
1170472960,   57304,   5405,   22761,   17769
1171128320,   57260,   5407,   22747,   17774
1171783680,   57290,   5405,   22731,   17783
1172439040,   57309,   5400,   22744,   17782
1173094400,   57269,   5409,   22737,   17776
1173749760,   57355,   5395,   22745,   17793
1174405120,   57297,   5408,   22740,   17776
1175060480,   57299,   5402,   22751,   17773
1175715840,   57305,   5411,   22741,   17769
1176371200,   57305,   5411,   22727,   17776
1177026560,   57355,   5400,   22753,   17782
1177681920,   57274,   5410,   22736,   17769
1178337280,   57317,   5413,   22736,   17772
1178992640,   57277,   5412,   22722,   17778
1179648000,   57322,   5406,   22736,   17776
1180303360,   57355,   5411,   22728,   17775
1180958720,   57304,   5411,   22722,   17776
1181614080,   57334,   5400,   22758,   17782
1182269440,   57279,   5411,   22742,   17770
1182924800,   57300,   5411,   22733,   17771
1183580160,   57315,   5417,   22728,   17767
1184235520,   57306,   5416,   22745,   17758
1184890880,   57334,   5408,   22746,   17767
1185546240,   57318,   5418,   22712,   17772
1186201600,   57321,   5405,   22751,   17771
1186856960,   57298,   5414,   22727,   17769
1187512320,   57342,   5410,   22729,   17782
1188167680,   57319,   5411,   22725,   17778
1188823040,   57282,   5411,   22725,   17781
1189478400,   57316,   5408,   22743,   17771
1190133760,   57331,   5417,   22723,   17773
1190789120,   57327,   5404,   22752,   17771
1191444480,   57332,   5414,   22749,   17763
1192099840,   57338,   5414,   22727,   17772
1192755200,   57328,   5409,   22742,   17776
1193410560,   57321,   5414,   22740,   17766
1194065920,   57307,   5408,   22747,   17769
1194721280,   57299,   5422,   22714,   17769
1195376640,   57318,   5411,   22740,   17767
1196032000,   57308,   5413,   22736,   17764
1196687360,   57291,   5423,   22724,   17758
1197342720,   57321,   5409,   22733,   17776
1197998080,   57309,   5419,   22732,   17758
1198653440,   57329,   5417,   22736,   17764
1199308800,   57308,   5410,   22736,   17769
1199964160,   57311,   5414,   22730,   17774
1200619520,   57309,   5413,   22739,   17771
1201274880,   57279,   5416,   22722,   17767
1201930240,   57353,   5414,   22737,   17769
1202585600,   57290,   5420,   22739,   17756
1203240960,   57325,   5417,   22739,   17757
1203896320,   57303,   5419,   22729,   17762
1204551680,   57272,   5417,   22744,   17756
1205207040,   57298,   5409,   22740,   17772
1205862400,   57306,   5418,   22722,   17767
1206517760,   57323,   5408,   22744,   17767
1207173120,   57231,   5417,   22748,   17754
1207828480,   57299,   5420,   22732,   17763
1208483840,   57329,   5414,   22738,   17763
1209139200,   57265,   5423,   22727,   17757
1209794560,   57338,   5426,   22731,   17751
1210449920,   57295,   5428,   22716,   17758
1211105280,   57333,   5417,   22732,   17764
1211760640,   57323,   5421,   22734,   17750
1212416000,   57319,   5427,   22701,   17765
1213071360,   57358,   5415,   22709,   17778
1213726720,   57323,   5423,   22717,   17765
1214382080,   57311,   5409,   22735,   17774
1215037440,   57323,   5424,   22704,   17767
1215692800,   57351,   5418,   22728,   17769
1216348160,   57332,   5414,   22733,   17764
1217003520,   57330,   5418,   22716,   17775
1217658880,   57352,   5411,   22728,   17775
1218314240,   57348,   5423,   22714,   17760
1218969600,   57364,   5421,   22724,   17764
1219624960,   57372,   5423,   22709,   17768
1220280320,   57345,   5419,   22733,   17761
1220935680,   57346,   5415,   22747,   17761
1221591040,   57350,   5420,   22723,   17767
1222246400,   57375,   5417,   22728,   17770
1222901760,   57361,   5420,   22727,   17757
1223557120,   57307,   5416,   22739,   17759
1224212480,   57312,   5411,   22739,   17766
1224867840,   57319,   5417,   22732,   17767
1225523200,   57314,   5421,   22742,   17748
1226178560,   57300,   5424,   22722,   17762
1226833920,   57314,   5427,   22731,   17750
1227489280,   57316,   5428,   22726,   17750
1228144640,   57307,   5427,   22725,   17753
1228800000,   57299,   5418,   22728,   17760
1229455360,   57296,   5425,   22717,   17756
1230110720,   57368,   5417,   22729,   17766
1230766080,   57342,   5425,   22712,   17760
1231421440,   57353,   5426,   22724,   17755
1232076800,   57330,   5421,   22737,   17755
1232732160,   57342,   5419,   22720,   17767
1233387520,   57322,   5407,   22743,   17770
1234042880,   57316,   5415,   22734,   17766
1234698240,   57334,   5417,   22733,   17764
1235353600,   57309,   5419,   22712,   17770
1236008960,   57317,   5419,   22726,   17766
1236664320,   57359,   5428,   22724,   17752
1237319680,   57359,   5427,   22700,   17766
1237975040,   57366,   5420,   22724,   17765
1238630400,   57336,   5416,   22727,   17763
1239285760,   57338,   5417,   22731,   17766
1239941120,   57377,   5420,   22720,   17768
1240596480,   57313,   5414,   22723,   17771
1241251840,   57333,   5417,   22735,   17758
1241907200,   57309,   5434,   22705,   17753
1242562560,   57384,   5420,   22731,   17759
1243217920,   57303,   5424,   22731,   17753
1243873280,   57365,   5427,   22722,   17748
1244528640,   57348,   5424,   22716,   17759
1245184000,   57306,   5419,   22713,   17771
1245839360,   57326,   5412,   22746,   17768
1246494720,   57338,   5425,   22712,   17759
1247150080,   57363,   5415,   22729,   17771
1247805440,   57352,   5419,   22749,   17746
1248460800,   57328,   5420,   22727,   17762
1249116160,   57349,   5416,   22737,   17766
1249771520,   57302,   5425,   22730,   17751
1250426880,   57308,   5412,   22774,   17739
1251082240,   57286,   5426,   22729,   17749
1251737600,   57345,   5417,   22738,   17756
1252392960,   57351,   5418,   22756,   17748
1253048320,   57305,   5420,   22740,   17754
1253703680,   57341,   5407,   22751,   17764
1254359040,   57284,   5410,   22748,   17763
1255014400,   57303,   5425,   22745,   17740
1255669760,   57286,   5426,   22729,   17752
1256325120,   57321,   5421,   22730,   17753
1256980480,   57314,   5420,   22750,   17749
1257635840,   57326,   5417,   22728,   17763
1258291200,   57345,   5417,   22736,   17758
1258946560,   57293,   5417,   22739,   17758
1259601920,   57348,   5426,   22734,   17751
1260257280,   57330,   5422,   22714,   17769
1260912640,   57361,   5413,   22728,   17770
1261568000,   57335,   5421,   22738,   17756
1262223360,   57326,   5419,   22724,   17769
1262878720,   57349,   5421,   22731,   17756
1263534080,   57329,   5416,   22751,   17756
1264189440,   57312,   5418,   22754,   17742
1264844800,   57347,   5414,   22745,   17756
1265500160,   57354,   5404,   22754,   17767
1266155520,   57329,   5414,   22766,   17745
1266810880,   57336,   5423,   22735,   17755
1267466240,   57323,   5419,   22740,   17757
1268121600,   57348,   5419,   22742,   17757
1268776960,   57314,   5419,   22743,   17756
1269432320,   57323,   5421,   22730,   17762
1270087680,   57312,   5418,   22728,   17762
1270743040,   57333,   5417,   22754,   17751
1271398400,   57328,   5409,   22763,   17754
1272053760,   57329,   5408,   22759,   17760
1272709120,   57271,   5410,   22762,   17752
1273364480,   57291,   5408,   22753,   17765
1274019840,   57290,   5406,   22767,   17765
1274675200,   57296,   5401,   22761,   17770
1275330560,   57276,   5406,   22762,   17761
1275985920,   57301,   5410,   22752,   17765
1276641280,   57281,   5409,   22747,   17772
1277296640,   57277,   5419,   22757,   17743
1277952000,   57269,   5418,   22733,   17756
1278607360,   57299,   5408,   22744,   17767
1279262720,   57309,   5405,   22745,   17774
1279918080,   57252,   5410,   22752,   17758
1280573440,   57275,   5416,   22745,   17760
1281228800,   57281,   5407,   22740,   17774
1281884160,   57306,   5406,   22773,   17753
1282539520,   57268,   5413,   22755,   17758
1283194880,   57290,   5415,   22753,   17756
1283850240,   57278,   5407,   22761,   17758
1284505600,   57267,   5412,   22757,   17756
1285160960,   57286,   5420,   22742,   17751
1285816320,   57273,   5416,   22734,   17766
1286471680,   57307,   5414,   22759,   17747
1287127040,   57297,   5408,   22746,   17767
1287782400,   57296,   5409,   22738,   17770
1288437760,   57282,   5413,   22744,   17765
1289093120,   57284,   5414,   22742,   17760
1289748480,   57277,   5411,   22749,   17767
1290403840,   57283,   5406,   22742,   17775
1291059200,   57295,   5409,   22761,   17760
1291714560,   57304,   5409,   22754,   17765
1292369920,   57310,   5406,   22739,   17783
1293025280,   57294,   5406,   22753,   17769
1293680640,   57305,   5406,   22749,   17768
1294336000,   57307,   5408,   22751,   17768
1294991360,   57296,   5399,   22746,   17783
1295646720,   57294,   5396,   22762,   17778
1296302080,   57291,   5397,   22763,   17778
1296957440,   57336,   5399,   22735,   17791
1297612800,   57346,   5398,   22762,   17777
1298268160,   57320,   5399,   22749,   17784
1298923520,   57309,   5403,   22744,   17780
1299578880,   57303,   5401,   22747,   17780
1300234240,   57278,   5411,   22742,   17768
1300889600,   57287,   5408,   22737,   17779
1301544960,   57314,   5402,   22734,   17791
1302200320,   57297,   5399,   22763,   17780
1302855680,   57288,   5401,   22733,   17794
1303511040,   57266,   5402,   22738,   17791
1304166400,   57290,   5396,   22741,   17791
1304821760,   57298,   5396,   22746,   17792
1305477120,   57292,   5401,   22750,   17777
1306132480,   57308,   5401,   22742,   17785
1306787840,   57294,   5407,   22756,   17765
1307443200,   57282,   5404,   22749,   17779
1308098560,   57327,   5414,   22719,   17779
1308753920,   57307,   5413,   22730,   17772
1309409280,   57258,   5414,   22736,   17766
1310064640,   57285,   5408,   22742,   17776
1310720000,   57300,   5401,   22742,   17792
1311375360,   57307,   5398,   22771,   17771
1312030720,   57231,   5403,   22753,   17776
1312686080,   57294,   5400,   22745,   17787
1313341440,   57283,   5395,   22761,   17784
1313996800,   57271,   5400,   22762,   17776
1314652160,   57304,   5395,   22770,   17778
1315307520,   57280,   5405,   22742,   17778
1315962880,   57288,   5405,   22758,   17769
1316618240,   57312,   5410,   22760,   17754
1317273600,   57287,   5411,   22731,   17771
1317928960,   57298,   5403,   22759,   17768
1318584320,   57247,   5403,   22744,   17780
1319239680,   57340,   5401,   22750,   17784
1319895040,   57291,   5403,   22739,   17780
1320550400,   57301,   5404,   22751,   17773
1321205760,   57334,   5403,   22757,   17777
1321861120,   57298,   5400,   22736,   17791
1322516480,   57333,   5391,   22780,   17781
1323171840,   57299,   5402,   22762,   17767
1323827200,   57299,   5400,   22759,   17775
1324482560,   57312,   5400,   22766,   17777
1325137920,   57281,   5401,   22767,   17771
1325793280,   57332,   5407,   22758,   17763
1326448640,   57300,   5408,   22741,   17773
1327104000,   57365,   5402,   22777,   17765
1327759360,   57283,   5408,   22760,   17766
1328414720,   57313,   5406,   22742,   17775
1329070080,   57311,   5392,   22771,   17779
1329725440,   57283,   5396,   22765,   17780
1330380800,   57335,   5393,   22777,   17774
1331036160,   57318,   5404,   22746,   17775
1331691520,   57309,   5402,   22765,   17770
1332346880,   57290,   5401,   22764,   17775
1333002240,   57304,   5399,   22749,   17782
1333657600,   57346,   5393,   22758,   17792
1334312960,   57348,   5404,   22746,   17775
1334968320,   57398,   5395,   22758,   17785
1335623680,   57323,   5393,   22758,   17788
1336279040,   57333,   5401,   22750,   17781
1336934400,   57347,   5398,   22762,   17778
1337589760,   57348,   5408,   22737,   17779
1338245120,   57383,   5397,   22759,   17783
1338900480,   57270,   5403,   22763,   17772
1339555840,   57313,   5403,   22759,   17774
1340211200,   57350,   5402,   22751,   17774
1340866560,   57322,   5409,   22749,   17767
1341521920,   57325,   5402,   22756,   17778
